muav(1) = 0.0001;
musv(1) = 1.0000;
gv(1) = 1.0000;

muav(2) = 0.0010;
musv(2) = 10.0000;
gv(2) = 1.0000;

muav(3) = 230.5427;
musv(3) = 93.9850;
gv(3) = 0.9000;

muav(4) = 0.4585;
musv(4) = 356.5406;
gv(4) = 0.9000;

muav(5) = 16.5724;
musv(5) = 375.9398;
gv(5) = 0.9000;

muav(6) = 0.1154;
musv(6) = 281.9549;
gv(6) = 0.9000;

muav(7) = 2.3057;
musv(7) = 181.5859;
gv(7) = 0.9000;

muav(8) = 2.3057;
musv(8) = 181.5859;
gv(8) = 0.9000;

muav(9) = 1.0000;
musv(9) = 100.0000;
gv(9) = 0.9000;

